696 3421
3 7 492 563 492 562 492 551 134 563 134 562 134 551 492 130
4 38 375 59 596 59 59 360 59 594 59 637 59 99 59 68 59 595 59 518 375 425 596 425 594 425 375 663 596 663 375 190 596 190 375 538 596 538 375 45 596 45 375 195 596 195 596 457 375 457 375 305 596 305 375 158 596 158 425 360 663 360 190 360 538 360 45 360 195 360 457 360 305 360 158 360 459 145
5 6 132 579 132 168 132 56 579 669 669 168 669 56
6 2 304 265 265 452
7 4 2 323 679 247 679 323 247 606
8 4 670 469 268 475 268 330 670 268
9 9 345 580 345 249 345 250 345 577 345 368 345 658 345 373 345 324 345 529
10 2 193 304 304 474
11 3 355 500 613 355 355 330
12 3 395 547 547 397 547 396
13 2 99 300 99 176
14 2 59 304 304 346
15 2 304 227 519 227
16 6 345 332 345 238 345 395 345 397 345 50 345 171
17 2 268 16 268 585
18 6 214 17 17 321 261 17 214 20 321 20 214 20
19 4 171 567 171 308 567 146 308 146
20 6 303 17 17 145 17 294 1 17 17 332 17 575
21 2 210 147 38 210
22 6 670 261 261 226 261 486 261 475 226 145 561 617
23 2 304 510 510 532
24 3 317 317 537 317 416 317
25 2 416 139 537 139
26 3 16 27 27 177 27 106
27 2 375 210 596 210
28 2 82 691 691 75
29 13 219 381 219 469 219 641 670 94 2 94 492 94 600 94 219 268 453 434 94 434 219 434 606 654 654 168
30 12 304 580 304 582 304 581 304 505 304 389 304 368 304 577 304 373 304 324 304 529 304 658 304 390
31 2 0 467 0 557
32 3 205 209 209 58 209 209
33 7 203 31 203 19 557 19 557 203 203 25 557 25 606 31
34 12 196 567 675 260 196 260 196 395 675 395 196 397 675 397 260 579 395 579 276 260 276 395 276 397
35 4 63 691 632 691 599 691 632 358
36 4 219 456 94 456 219 281 94 281
37 3 345 482 345 561 400 345
38 11 304 39 304 77 304 41 304 466 304 630 304 46 304 455 304 182 304 149 304 151 304 184
39 13 303 77 303 38 303 182 303 92 77 130 38 130 130 182 130 92 77 659 38 659 659 182 659 92 38 145
40 1 247 388
41 2 77 40 184 40
42 3 66 210 618 210 63 210
43 11 303 265 558 265 303 516 558 516 303 387 558 387 130 265 130 516 130 387 387 145 303 656
44 15 303 156 303 354 303 287 303 214 218 303 354 145 156 145 298 145 456 145 287 145 303 547 547 145 288 145 303 264 264 145
45 5 557 398 0 398 31 398 59 398 398 305
46 2 379 231 231 137
47 4 203 145 205 145 203 381 203 421
48 3 63 276 276 618 35 276
49 5 375 94 596 94 94 252 94 303 94 371
50 5 416 521 537 521 521 330 670 521 521 675
51 4 691 16 16 166 16 500 16 602
52 2 16 232 16 252
53 6 303 52 641 52 238 52 665 52 691 52 52 145
54 4 304 53 215 53 304 52 215 52
55 1 679 7
56 5 375 579 596 579 691 579 375 283 596 283
57 3 680 680 680 113 680 360
58 6 652 452 249 452 250 452 577 452 606 452 467 452
59 8 557 16 0 16 16 4 557 198 0 198 198 4 2 174 2 485
60 3 59 145 59 665 59 516
61 3 59 303 59 665 198 145
62 4 481 589 481 606 589 167 606 167
63 4 599 375 599 596 375 504 596 504
64 5 261 63 63 203 63 684 63 683 63 393
65 6 600 567 567 306 634 567 682 567 567 567 567 58
66 2 304 63 618 668
67 3 66 145 66 514 66 73
68 5 670 691 416 691 537 691 691 330 691 500
69 5 481 375 481 632 593 375 593 632 481 145
70 5 2 153 153 663 153 690 371 690 371 663
71 4 641 533 641 480 641 561 641 687
72 7 434 340 691 434 409 409 601 145 211 145 340 145 314 145
73 12 379 145 670 145 137 145 323 145 417 145 7 145 686 145 55 145 126 145 574 145 450 145 352 145
74 6 58 504 561 294 504 504 599 504 1 504 599 58
75 2 691 508 691 687
76 7 466 145 446 145 149 145 112 145 182 145 92 145 157 145
77 3 219 184 184 667 205 184
78 5 219 400 400 606 219 131 131 606 599 131
79 6 691 500 375 500 596 500 691 602 375 602 596 602
80 1 691 287
81 7 691 145 696 145 500 73 428 145 428 73 122 145 122 76
82 4 277 375 277 596 277 632 277 145
83 2 82 27 276 27
84 4 99 99 637 99 99 130 99 58
85 2 304 371 304 281
86 4 481 379 205 379 379 393 632 379
87 4 16 232 16 252 493 16 183 16
88 2 87 408 52 408
89 6 99 395 687 395 99 397 687 397 395 508 508 397
90 4 469 521 521 641 469 171 641 171
91 12 375 690 596 690 690 665 375 242 596 242 665 242 375 351 596 351 665 351 284 145 303 284 665 284
92 3 184 95 182 95 77 605
93 13 171 298 171 16 354 171 156 171 171 515 171 299 521 298 521 354 521 156 192 298 354 192 156 192 16 192
94 2 219 691 691 228
95 5 627 676 219 676 346 676 229 676 331 676
96 4 128 605 605 127 605 527 605 498
97 4 277 464 277 105 276 105 276 464
98 1 210 428
99 9 375 680 596 680 57 57 680 57 394 394 680 394 394 360 664 140 103 140
100 1 605 289
101 7 304 426 469 410 641 410 268 410 16 426 226 426 59 426
102 4 571 657 606 571 268 657 252 657
103 1 691 680
104 5 632 396 627 396 210 396 533 396 693 396
105 12 599 329 329 665 303 329 599 668 668 665 303 668 329 145 303 654 654 665 386 145 303 386 665 386
106 3 379 16 16 137 410 16
107 3 469 106 268 106 106 232
108 6 375 688 596 688 222 688 94 688 375 480 596 480
109 8 303 690 303 351 303 242 303 45 45 145 690 145 351 145 242 145
110 2 506 520 506 147
111 2 304 298 298 601
112 3 379 679 679 126 679 137
113 4 375 508 596 508 375 687 596 687
114 5 35 360 35 203 358 360 358 203 35 393
115 6 355 493 355 183 493 566 183 566 646 493 646 183
116 4 219 691 219 641 219 153 219 422
117 4 632 379 2 379 379 147 379 37
118 2 117 282 117 526
119 10 59 180 59 354 59 215 198 180 198 354 198 215 59 44 198 44 59 214 198 214
120 4 303 119 119 665 119 44 119 145
121 4 670 119 670 122 119 352 122 352
122 2 119 70 119 49
123 3 0 139 304 139 304 308
124 7 303 222 563 78 222 78 563 222 303 563 599 563 599 222
125 4 379 605 417 605 605 544 137 605
126 2 379 125 137 125
127 4 222 693 128 693 693 498 693 527
128 5 641 347 641 589 641 95 641 346 641 257
129 1 631 434
130 9 659 659 558 558 659 558 558 145 43 145 558 43 43 477 558 477 659 58
131 7 400 521 599 352 521 381 352 504 599 381 504 381 400 599
132 10 2 203 2 680 2 632 2 360 607 360 632 607 680 607 203 607 160 145 669 58
133 5 80 145 145 633 650 145 653 145 503 145
134 4 31 384 670 31 557 384 670 557
135 6 481 422 1 443 599 443 504 443 2 443 481 443
136 6 247 432 432 413 432 657 371 432 247 50 50 657
137 6 379 136 632 136 136 283 618 136 63 136 35 136
138 3 691 153 153 145 654 145
139 7 492 304 304 397 304 395 304 567 682 304 600 304 580 626
140 5 360 451 594 451 680 451 209 360 209 594
141 5 632 279 203 279 687 279 279 360 204 145
142 2 141 398 16 141
143 2 434 533 63 434
144 1 589 589
145 6 516 452 480 452 303 452 452 76 452 73 452 81
146 4 58 332 332 332 397 397 1 332
147 4 304 247 304 94 304 657 304 413
148 2 496 496 72 147
149 5 151 289 219 151 38 151 151 150 184 150
150 2 63 184 63 151
151 3 184 605 184 125 184 149
152 6 416 641 537 641 416 240 537 240 416 70 537 70
153 7 82 304 304 63 304 170 304 275 2 304 209 304 304 28
154 5 134 469 469 210 469 627 469 693 469 547
155 3 0 605 605 627 134 605
156 4 354 44 218 354 354 268 215 354
157 6 493 446 183 446 493 676 183 676 446 428 676 428
158 8 59 531 59 218 531 457 218 457 425 531 218 425 531 305 218 305
159 6 261 688 261 689 261 361 688 568 689 568 568 361
160 6 59 132 132 425 132 305 59 5 425 5 5 305
161 6 565 145 622 145 380 145 565 73 622 73 380 73
162 8 416 393 537 393 416 289 537 289 416 139 537 139 416 532 537 532
163 1 691 147
164 12 304 502 206 502 358 502 502 519 502 38 502 147 176 502 215 502 221 502 502 459 30 502 202 502
165 2 304 57 304 680
166 8 51 500 665 500 641 51 51 602 665 602 303 51 51 330 670 51
167 2 557 410 557 647
168 2 2 410 169 410
169 4 557 606 606 410 2 606 2 168
170 5 2 345 153 452 554 452 269 452 271 452
171 5 521 521 521 332 521 90 521 355 521 663
172 9 268 236 670 268 469 236 641 236 268 168 469 168 641 168 670 168 236 168
173 1 481 135
174 2 2 355 355 58
175 5 304 535 616 535 416 535 537 535 330 535
176 2 304 300 304 598
177 7 690 180 215 690 690 214 44 690 218 690 690 70 94 690
178 2 177 316 177 141
179 6 303 177 177 665 177 145 303 307 665 307 307 145
180 4 215 16 304 16 16 532 215 532
181 4 684 329 684 601 684 340 684 293
182 4 184 417 417 151 680 184 680 151
183 1 493 493
184 3 670 231 231 486 492 231
185 6 219 355 0 355 557 355 355 4 355 340 355 601
186 4 4 502 502 292 502 435 502 541
187 3 691 339 691 210 691 402
188 3 304 7 304 686 304 55
189 2 139 101 308 101
190 14 670 59 59 475 59 330 2 191 191 58 670 425 425 475 425 330 670 457 475 457 457 330 670 119 119 475 119 330
191 1 198 190
192 5 682 171 682 521 682 50 521 171 171 525
193 3 1 0 0 575 0 332
194 3 277 687 277 461 277 145
195 2 59 395 59 397
196 2 1 393 393 146
197 1 389 606
198 35 59 59 646 646 355 355 663 663 453 453 119 119 185 185 448 448 425 425 174 174 190 190 538 538 195 195 534 534 585 585 457 457 226 226 462 462 439 439 441 441 305 305 115 115 424 424 692 692 52 52 158 158 245 245 485 485 17 17 648 648 392 392 345 145 87 87 566 566 234 234
199 3 198 132 198 5 198 669
200 6 203 99 203 664 99 683 664 683 576 99 576 664
201 1 226 203
202 2 304 203 304 687
203 10 682 683 683 393 600 683 525 683 606 576 346 576 576 589 375 350 596 350 600 532
204 4 141 342 342 316 342 142 203 342
205 4 219 31 219 532 289 532 219 219
206 2 304 360 304 594
207 3 481 662 334 481 662 2
208 6 599 618 618 340 618 601 618 386 618 330 618 211
209 10 219 277 277 203 277 350 481 662 219 451 209 451 481 451 289 451 334 451 662 451
210 3 627 360 632 627 680 627
211 5 601 386 601 105 329 601 185 601 651 601
212 3 304 304 304 303 357 145
213 3 641 212 641 659 2 212
214 5 215 303 215 44 303 44 215 145 303 636
215 6 469 304 304 268 304 465 304 218 304 44 304 472
216 8 304 264 304 396 264 340 396 340 264 689 689 396 264 361 396 361
217 6 691 665 691 218 218 665 268 665 252 665 691 252
218 9 1 215 215 332 1 632 632 332 1 472 332 472 215 575 632 575 575 472
219 2 219 7 219 135
220 5 219 101 481 101 375 101 596 101 69 101
221 3 219 304 304 224 304 220
222 5 94 303 94 78 94 665 691 145 94 145
223 5 303 221 303 224 221 332 221 659 221 130
224 6 221 99 221 664 219 99 219 664 99 220 664 220
225 2 557 209 209 31
226 8 670 16 16 330 537 16 416 16 670 198 198 330 537 198 416 198
227 12 632 226 691 226 226 687 632 619 691 619 687 619 632 462 691 462 687 462 226 627 619 627 462 627
228 3 219 276 662 276 94 276
229 4 632 346 632 347 304 331 632 331
230 9 492 492 492 500 492 330 492 58 492 2 303 500 500 130 644 130 303 644
231 5 679 679 599 679 679 684 680 679 679 504
232 8 469 252 268 252 268 544 252 544 469 493 469 183 268 493 268 183
233 2 682 691 0 691
234 3 59 226 557 226 0 226
235 8 59 588 588 305 588 457 538 588 0 588 4 588 588 541 588 292
236 6 1 134 134 294 134 395 134 130 134 218 134 238
237 3 304 348 668 348 329 348
238 5 641 641 469 641 641 332 1 641 641 145
239 3 434 149 434 151 434 259
240 15 1 174 599 174 174 504 2 174 2 70 1 70 599 70 599 153 2 269 70 504 153 504 1 554 599 554 554 504 2 554
241 2 670 591 591 602
242 6 119 16 119 690 119 177 690 120 16 120 177 120
243 3 417 657 417 478 219 478
244 9 375 139 596 139 139 360 375 308 596 308 203 139 139 145 308 145 309 145
245 4 16 475 198 475 198 486 16 486
246 2 139 696 308 696
247 6 2 232 670 232 492 232 641 232 641 215 215 420
248 3 641 247 691 247 469 247
249 9 577 577 589 589 589 577 580 580 580 577 589 580 577 145 610 145 589 145
250 2 249 249 249 145
251 40 303 99 303 13 303 394 303 84 99 145 13 145 394 145 84 145 99 665 665 13 665 394 665 84 44 99 44 13 44 394 44 84 303 559 559 145 665 559 44 559 303 200 200 145 665 200 44 200 303 572 572 145 665 572 44 572 303 636 636 145 665 636 44 636 303 513 513 145 665 513 44 513 303 310 310 145 665 310 44 310
252 9 469 268 469 303 232 232 268 232 469 232 303 232 232 336 469 336 232 145
253 2 304 252 215 252
254 3 0 314 0 532 205 352
255 4 1 593 593 294 593 395 593 481
256 12 271 410 269 410 410 270 410 105 271 601 271 340 269 340 269 601 270 340 270 601 410 601 410 340
257 10 128 527 527 127 527 124 222 527 149 527 379 527 527 694 128 694 127 694 222 694
258 6 303 259 303 184 303 151 303 149 303 182 303 92
259 9 345 184 184 361 345 149 149 361 601 149 345 151 151 361 601 151 184 601
260 5 308 395 567 395 308 397 567 397 2 308
261 4 219 521 521 289 521 203 521 350
262 6 261 375 261 596 261 261 261 304 304 341 341 341
263 4 252 591 252 601 252 211 252 340
264 6 354 395 354 294 354 397 156 395 156 294 156 397
265 12 375 606 596 606 375 493 596 493 375 86 596 86 521 375 521 596 375 346 596 346 375 6 596 6
266 5 131 601 131 340 345 591 601 591 591 340
267 3 334 481 481 599 481 504
268 2 1 469 469 332
269 9 1 138 218 138 1 153 218 153 238 153 238 138 269 270 138 270 138 145
270 6 599 269 269 504 599 170 504 170 599 271 271 504
271 7 269 269 218 269 269 332 270 270 218 270 270 332 270 145
272 8 469 261 261 268 261 641 469 22 22 268 22 641 469 145 261 252
273 3 209 375 209 596 209 668
274 1 117 630
275 6 304 536 153 536 697 536 536 170 68 536 536 500
276 7 375 82 82 596 375 75 596 75 82 75 277 75 82 145
277 5 116 381 219 193 205 381 205 116 205 193
278 2 682 561 0 561
279 4 304 141 304 142 304 262 304 316
280 6 134 308 492 308 600 308 682 308 593 308 557 308
281 2 371 563 563 456
282 2 77 371 117 371
283 5 375 632 596 632 599 632 632 504 632 692
284 4 680 398 398 180 495 180 680 495
285 20 4 145 303 4 4 665 4 44 541 145 303 541 665 541 44 541 292 145 303 292 665 292 44 292 505 145 303 505 665 505 44 505 582 145 303 582 665 582 44 582
286 4 14 402 14 403 687 14 687 402
287 10 268 536 215 268 268 606 268 268 268 44 268 214 268 465 44 465 465 214 215 465
288 4 287 287 287 636 44 287 287 360
289 4 219 314 219 532 334 452 0 205
290 6 469 217 338 217 252 217 469 665 665 338 252 665
291 3 16 405 398 405 405 495
292 6 63 4 684 4 4 683 63 541 684 541 541 683
293 4 304 340 185 329 304 601 304 350
294 5 58 74 395 561 1 74 599 74 74 74
295 4 298 500 670 298 156 500 670 156
296 5 232 52 52 53 2 52 52 52 53 54
297 6 1 557 557 146 557 332 416 557 537 557 557 330
298 8 218 16 354 287 16 332 354 44 354 299 16 299 16 515 354 515
299 2 375 298 596 298
300 7 303 551 303 13 303 176 551 665 665 13 176 665 176 145
301 2 126 289 125 289
302 5 521 261 521 2 261 2 521 145 2 145
303 5 665 665 304 665 632 665 222 145 212 145
304 5 2 16 345 131 2 388 632 16 632 388
305 11 59 232 425 232 457 232 538 232 59 252 425 252 252 457 252 538 59 561 59 52 59 87
306 4 416 634 537 634 416 600 537 600
307 6 567 177 308 177 19 177 177 25 65 177 177 260
308 4 670 139 670 578 139 486 486 578
309 3 379 139 379 308 379 567
310 3 99 309 309 84 309 664
311 1 308 591
312 6 537 308 416 308 537 19 416 19 537 25 416 25
313 3 308 622 139 622 567 622
314 31 304 347 347 206 347 532 532 532 206 206 279 279 358 358 215 215 221 221 202 202 30 30 668 668 85 85 176 176 459 459 38 38 519 519 611 611 616 616 165 165 329 329 386 386 15 15 364 364 253 253 452 452 532 452 556 556 175 175 343 343 6 6
315 4 303 308 303 567 303 139 303 571
316 4 141 141 687 141 141 677 141 408
317 2 662 416 662 537
318 2 469 665 268 665
319 9 219 487 487 95 346 487 410 487 256 487 554 487 554 657 256 657 410 657
320 5 323 605 247 360 247 323 323 360 247 289
321 4 320 145 320 73 261 320 320 81
322 4 371 606 606 592 371 289 592 289
323 11 481 247 1 247 599 247 247 504 209 247 670 247 481 657 599 657 657 504 209 657 670 657
324 5 134 467 600 467 467 58 467 254 58 529
325 4 174 130 174 558 174 340 174 601
326 5 63 289 63 550 618 550 63 411 618 411
327 3 682 434 557 434 0 434
328 2 63 147 618 147
329 4 304 27 668 27 668 293 668 298
330 4 670 475 475 58 537 561 475 475
331 2 375 347 596 347
332 5 575 575 58 575 1 1 1 599 561 146
333 6 156 508 298 508 456 508 681 508 547 508 264 508
334 3 219 1 1 289 1 352
335 3 334 331 219 331 662 331
336 4 268 145 303 268 218 337 268 337
337 9 632 268 203 536 536 292 536 684 218 292 632 536 536 360 268 360 536 393
338 4 682 641 682 232 682 420 682 238
339 9 63 156 63 456 63 547 156 618 618 456 618 547 632 156 632 547 632 456
340 5 2 601 601 58 601 601 601 211 2 211
341 2 261 632 261 206
342 1 434 446
343 2 304 344 304 72
344 2 72 145 303 72
345 11 203 482 2 482 600 482 662 482 416 203 537 203 203 330 416 350 537 350 330 350 482 350
346 2 203 347 203 229
347 3 261 203 261 346 346 145
348 5 346 618 205 618 203 618 618 580 618 237
349 8 416 346 537 346 303 346 50 346 416 586 537 586 303 586 50 586
350 7 134 203 600 203 492 203 205 600 205 134 205 492 600 332
351 4 16 106 66 106 106 58 106 386
352 3 670 314 670 532 205 578
353 1 561 6
354 4 218 16 215 16 16 180 16 44
355 8 599 16 16 504 599 198 198 504 174 561 613 16 613 198 66 139
356 1 691 303
357 1 304 304
358 4 304 35 304 114 304 691 641 304
359 1 117 440
360 7 632 680 632 632 69 680 69 632 69 113 632 113 632 206
361 4 345 493 345 183 205 689 205 688
362 2 334 532 662 532
363 8 342 76 364 76 375 342 596 342 691 342 375 364 596 364 691 364
364 3 304 342 304 409 342 363
365 5 537 156 416 156 226 156 156 330 156 500
366 11 434 332 434 294 395 434 434 397 434 146 416 434 537 434 434 330 434 500 434 130 434 659
367 2 289 528 605 528
368 2 512 467 171 467
369 1 94 605
370 1 198 417
371 41 632 354 632 119 632 456 632 156 632 16 632 226 632 619 632 234 632 546 632 245 35 354 35 119 35 456 35 156 35 16 35 226 35 619 35 234 35 546 35 245 354 618 119 618 618 456 156 618 16 618 618 546 354 85 119 85 456 85 156 85 16 85 226 85 85 619 85 234 85 546 85 245 226 408 619 408 546 408 462 408 234 408
372 4 304 566 566 340 566 601 566 293
373 2 467 561 467 289
374 5 304 226 226 340 226 361 616 361 226 616
375 3 219 421 289 421 632 421
376 5 31 377 557 377 0 377 410 377 169 377
377 9 599 580 580 504 580 74 599 577 577 504 577 74 606 504 599 606 606 74
378 5 261 37 37 262 37 517 632 341 37 341
379 8 215 156 632 156 670 156 215 264 632 264 670 264 156 352 264 352
380 3 379 309 309 696 670 309
381 6 599 422 504 422 1 422 74 422 294 422 395 422
382 4 304 156 156 678 156 601 156 340
383 3 261 375 261 596 261 691
384 3 670 0 0 593 0 492
385 6 2 77 77 37 37 657 247 37 2 657 2 247
386 2 304 105 304 208
387 3 434 265 173 434 434 43
388 1 641 16
389 8 557 117 557 467 557 599 410 467 599 410 1 410 117 410 557 2
390 2 389 99 389 200
391 9 469 599 599 268 599 8 469 504 268 504 8 504 469 74 268 74 8 74
392 6 389 87 410 87 87 95 346 87 331 87 229 87
393 9 682 532 682 314 682 452 634 532 634 452 602 532 602 452 500 452 500 532
394 5 57 360 596 57 375 57 594 57 57 140
395 6 58 294 1 196 1 294 294 294 196 294 1 58
396 2 395 264 264 397
397 2 395 395 395 146
398 5 117 16 117 44 303 117 117 214 117 665
399 4 691 117 375 117 596 117 63 398
400 2 670 1 670 575
401 4 153 488 488 210 153 210 304 488
402 4 233 403 548 403 187 403 403 433
403 5 304 233 304 402 304 548 304 187 304 433
404 7 226 651 416 651 537 651 670 651 651 546 651 619 651 234
405 3 375 627 596 627 632 627
406 4 330 340 601 330 174 340 174 601
407 8 641 59 59 287 198 287 641 198 59 268 198 268 59 303 198 145
408 5 15 508 226 508 619 508 227 508 234 508
409 3 434 434 434 601 342 342
410 4 557 389 2 169 2 389 2 647
411 2 304 550 304 326
412 3 646 411 646 550 646 326
413 3 641 215 641 180 641 218
414 8 670 171 171 486 171 475 171 330 171 500 171 602 641 171 171 432
415 3 670 334 334 139 334 261
416 4 670 537 537 58 628 145 537 537
417 4 481 608 599 608 680 608 608 684
418 3 219 198 198 289 198 632
419 3 687 346 346 508 346 316
420 7 248 248 218 248 641 248 215 248 248 214 238 248 248 145
421 6 283 74 1 283 283 504 599 283 283 294 395 283
422 4 345 170 345 532 37 170 153 532
423 16 59 434 16 434 434 195 434 538 425 434 434 457 156 434 298 434 177 434 434 106 434 351 434 305 119 434 448 434 190 434 434 663
424 7 1 59 521 59 1 195 521 195 1 119 521 119 59 58
425 4 59 410 59 689 59 647 59 389
426 8 469 606 641 606 268 606 606 8 469 101 641 101 268 101 8 101
427 4 426 426 203 426 203 31 0 203
428 10 670 493 670 183 670 446 480 493 632 493 480 183 632 183 493 352 183 352 446 352
429 3 304 428 304 98 304 430
430 2 98 429 428 98
431 4 304 174 304 240 174 532 240 532
432 3 641 50 317 641 521 641
433 1 233 233
434 4 481 691 670 691 691 360 691 64
435 1 4 434
436 1 434 161
437 6 459 210 459 650 4 210 4 650 557 650 31 650
438 8 238 130 238 659 252 130 252 659 268 130 268 659 218 130 218 659
439 4 59 463 59 464 463 457 457 464
440 1 198 231
441 2 59 338 59 183
442 2 86 413 481 413
443 4 469 613 481 613 2 613 2 268
444 3 599 561 1 561 561 504
445 4 59 298 557 298 59 651 557 651
446 2 691 116 135 691
447 3 63 446 446 64 618 446
448 5 59 19 59 139 59 308 59 567 16 19
449 4 176 385 385 532 314 385 300 385
450 9 670 232 593 232 7 232 670 509 593 509 7 509 670 608 593 608 608 7
451 4 481 240 2 240 240 352 670 240
452 3 304 314 304 601 198 119
453 4 219 59 219 170 219 345 219 198
454 5 268 526 526 50 526 210 526 336 526 252
455 5 184 247 247 151 184 371 247 38 247 39
456 3 400 354 400 16 400 156
457 5 59 342 59 130 59 591 59 558 59 659
458 3 456 387 480 456 456 265
459 2 304 4 304 541
460 3 345 691 266 601 691 601
461 3 691 631 632 631 631 145
462 2 226 66 226 690
463 4 618 519 519 464 276 519 48 519
464 5 518 463 68 463 594 463 463 145 303 463
465 3 632 287 375 287 596 287
466 3 117 184 117 77 117 680
467 5 146 146 416 146 1 580 1 577 1 557
468 6 670 345 416 345 537 345 670 37 416 37 537 37
469 10 641 561 670 544 575 544 332 544 1 544 268 58 8 332 1 8 345 575 492 575
470 4 589 532 606 532 481 289 289 289
471 3 51 190 59 51 51 538
472 7 1 375 375 218 1 596 596 218 1 691 691 218 632 218
473 2 16 308 16 25
474 4 193 469 682 469 193 232 682 232
475 4 670 486 486 58 330 561 486 486
476 4 308 323 139 323 691 323 567 323
477 7 303 364 665 364 364 145 303 342 665 342 342 364 342 342
478 1 1 657
479 2 304 480 304 131
480 2 131 680 131 632
481 5 0 0 31 31 0 31 255 532 416 416
482 6 334 416 334 537 416 467 1 416 537 467 1 537
483 2 434 141 409 141
484 4 261 493 261 183 493 159 183 159
485 6 0 174 557 174 4 174 59 174 174 195 174 663
486 2 670 670 475 561
487 4 218 657 215 657 657 319 469 319
488 7 599 171 269 171 271 171 171 395 171 294 171 270 401 145
489 1 521 613
490 1 375 352
491 2 16 102 491 491
492 3 134 289 219 314 219 532
493 7 492 606 492 346 670 346 134 346 670 606 606 484 346 484
494 1 492 238
495 8 16 464 518 16 398 464 518 398 398 130 398 558 398 659 398 58
496 14 231 434 371 434 434 38 434 39 434 657 247 434 231 409 371 409 409 38 409 657 409 39 409 657 247 409 434 147
497 8 469 475 469 486 268 475 268 486 613 268 469 613 469 500 268 500
498 5 16 527 354 527 128 16 354 128 16 127
499 8 173 375 173 265 173 596 357 265 173 357 375 357 596 357 357 265
500 5 330 393 58 602 670 395 492 395 492 294
501 2 486 393 602 561
502 6 345 27 375 345 596 345 375 266 596 266 266 27
503 4 502 653 502 80 141 653 141 80
504 5 58 444 561 74 444 444 599 444 1 444
505 9 4 31 375 31 596 31 637 31 31 360 68 31 595 31 31 99 31 464
506 6 198 226 670 198 416 198 537 198 198 330 198 234
507 4 637 438 99 438 103 438 664 438
508 6 627 627 687 627 632 687 632 518 632 464 632 68
509 4 469 357 357 232 63 232 469 63
510 7 2 105 2 303 2 659 2 130 2 558 2 214 2 300
511 1 691 446
512 6 0 375 0 596 682 375 682 596 375 426 596 426
513 2 303 99 303 84
514 3 231 145 520 145 342 145
515 3 298 339 632 298 298 210
516 6 375 387 596 387 375 265 596 265 276 145 265 145
517 5 632 262 209 262 206 262 262 83 27 262
518 4 682 68 68 210 682 595 595 210
519 6 304 68 304 518 304 595 416 304 537 304 304 330
520 6 416 606 537 606 219 416 219 537 416 381 537 381
521 6 0 599 682 599 0 504 682 504 0 444 682 444
522 4 521 105 50 105 171 105 192 105
523 2 521 434 521 210
524 3 599 521 521 504 1 521
525 7 600 521 634 521 521 393 600 171 634 171 682 171 171 393
526 5 77 371 77 36 117 77 77 657 77 281
527 6 304 128 304 127 128 340 127 340 128 601 601 127
528 1 641 63
529 2 499 467 561 324
530 6 63 176 63 300 63 13 618 176 618 300 618 13
531 8 304 287 287 591 266 287 591 214 44 591 487 514 319 514 287 514
532 3 304 623 304 378 304 652
533 5 63 63 618 618 63 618 63 434 618 434
534 5 16 192 521 16 192 585 521 585 171 585
535 3 0 145 31 145 426 145
536 6 63 268 63 679 268 618 679 618 35 268 35 679
537 4 670 330 330 58 416 561 330 330
538 9 537 59 416 59 59 50 537 457 416 457 50 457 537 495 416 495 50 495
539 5 416 298 537 298 670 298 226 298 298 330
540 5 537 177 416 177 177 25 177 330 670 177
541 4 537 4 416 4 4 330 670 4
542 6 68 551 595 551 518 551 416 551 537 551 551 330
543 5 416 469 537 469 469 330 416 268 537 268
544 3 469 474 52 474 2 232
545 6 405 360 203 405 502 405 627 360 203 627 502 627
546 6 416 66 537 66 416 690 537 690 226 66 226 690
547 6 354 693 354 294 354 332 134 354 264 180 396 180
548 2 434 402 402 72
549 1 632 253
550 5 63 589 618 589 375 589 596 589 63 411
551 3 304 37 613 304 304 551
552 7 679 145 303 679 679 44 679 665 679 214 679 516 679 43
553 3 680 570 680 556 680 555
554 3 2 153 70 70 153 70
555 8 567 262 567 609 139 262 139 609 262 260 260 609 262 556 609 556
556 3 304 555 304 395 304 397
557 4 0 134 606 31 346 31 389 606
558 4 557 303 557 659 303 58 134 303
559 8 567 103 567 664 308 103 308 664 103 25 664 25 19 103 19 664
560 2 2 16 641 365
561 12 37 452 426 452 101 452 427 452 444 452 501 452 17 452 585 452 52 452 143 452 534 452 539 452
562 5 563 236 236 130 563 130 31 130 0 130
563 9 1 254 670 94 2 94 600 94 219 469 219 268 219 641 219 691 219 0
564 3 94 210 563 210 563 342
565 3 247 64 247 308 247 139
566 3 16 508 687 16 201 332
567 4 492 139 593 139 492 395 492 397
568 18 567 159 571 159 569 159 159 572 527 159 128 159 127 159 65 159 308 159 139 159 261 567 261 571 261 569 261 572 261 527 261 128 261 127 261 65
569 4 599 567 567 504 1 567 304 567
570 6 691 567 567 611 691 308 308 611 395 611 611 397
571 6 304 567 567 102 569 102 135 567 135 569 569 569
572 6 567 394 567 99 260 394 99 260 308 394 308 99
573 5 29 417 29 676 417 676 131 676 131 417
574 3 670 101 323 101 101 622
575 4 1 345 1 422 345 332 332 422
576 5 632 606 632 346 606 360 606 203 205 606
577 8 467 467 606 467 606 145 467 145 368 145 373 145 658 145 324 145
578 2 1 314 1 532
579 4 0 675 304 675 675 690 675 16
580 5 557 589 606 589 389 589 410 577 557 577
581 6 303 580 580 665 580 659 303 31 31 665 31 659
582 8 4 580 375 580 596 580 580 464 68 580 595 580 99 580 30 145
583 3 627 440 687 440 440 508
584 4 351 591 171 591 591 488 599 351
585 3 16 627 16 677 16 408
586 3 346 360 375 346 596 346
587 4 605 143 493 605 183 605 605 428
588 4 641 398 469 398 398 413 16 413
589 6 557 410 410 623 580 623 557 580 410 580 606 580
590 3 226 589 537 589 416 589
591 17 599 283 283 74 304 372 279 372 206 372 358 372 459 372 519 372 221 372 215 372 611 372 30 372 85 372 176 372 38 372 188 372 383 372
592 4 371 49 219 156 156 49 219 371
593 4 670 289 670 219 670 334 670 254
594 3 593 360 593 680 69 680
595 5 594 68 594 518 594 464 416 594 537 594
596 4 375 116 135 375 375 381 29 375
597 3 596 693 375 693 687 693
598 5 632 176 176 187 176 579 632 579 632 300
599 3 1 578 1 481 0 334
600 4 134 203 203 31 134 134 492 682
601 2 304 94 304 293
602 3 475 393 58 501 500 561
603 4 687 436 627 436 687 161 627 161
604 5 276 203 203 75 205 276 205 75 276 687
605 10 219 323 205 323 205 247 219 247 219 7 205 7 219 55 205 55 219 686 205 686
606 7 557 346 219 557 169 580 557 169 219 467 346 467 346 169
607 10 680 606 680 169 680 346 632 606 632 169 632 346 606 669 606 132 346 669 132 346
608 2 469 606 606 232
609 5 606 262 50 262 169 262 557 262 346 262
610 4 209 589 209 606 209 249 209 580
611 2 304 675 304 50
612 2 226 543 110 543
613 7 400 268 400 641 8 330 8 475 330 497 475 497 641 330
614 2 632 693 304 693
615 10 670 262 670 609 262 330 609 330 537 262 537 609 416 262 416 609 262 500 609 500
616 4 670 304 304 615 304 475 304 617
617 3 303 330 303 616 22 58
618 3 63 691 375 63 596 63
619 4 226 618 63 226 618 546 63 546
620 2 176 405 632 405
621 4 27 99 276 99 375 99 596 99
622 3 670 338 304 338 338 289
623 13 557 261 261 589 261 580 261 389 261 467 261 373 261 368 261 324 261 529 261 249 261 250 261 652 261 610
624 4 691 210 303 210 659 210 665 210
625 2 662 499 499 361
626 3 261 490 632 490 206 490
627 4 632 154 154 154 680 154 154 360
628 4 416 389 537 389 416 2 537 2
629 4 595 312 68 312 312 340 595 340
630 4 219 77 219 526 77 667 526 667
631 3 469 563 268 563 219 469
632 9 375 304 596 304 304 691 599 304 304 504 375 691 596 691 599 691 691 504
633 11 632 145 632 516 283 145 283 76 632 76 511 145 511 76 597 145 597 76 113 76 113 145
634 6 600 600 600 682 600 393 682 58 682 682 682 393
635 6 59 493 59 432 432 538 432 457 432 425 59 183
636 6 215 99 218 99 215 664 218 664 156 99 156 664
637 4 596 594 375 594 594 680 594 664
638 4 637 145 637 303 637 665 637 251
639 4 463 640 464 640 317 640 519 640
640 4 463 366 366 464 366 639 317 366
641 3 469 58 469 691 407 145
642 2 641 303 641 691
643 3 691 298 298 360 298 591
644 6 416 196 537 196 416 209 537 209 416 376 537 376
645 9 206 395 206 397 206 294 637 395 637 397 637 294 395 109 294 109 397 109
646 4 521 198 50 16 355 50 198 50
647 2 169 410 2 169
648 3 371 174 66 174 174 386
649 6 505 9 4 9 9 582 9 581 557 9 9 145
650 4 492 632 492 210 600 210 600 632
651 5 298 340 493 298 183 298 298 601 298 361
652 3 250 250 580 145 250 145
653 2 203 80 80 360
654 3 304 66 304 654 304 45
655 8 469 480 480 232 509 145 232 145 480 509 509 73 232 73 469 73
656 1 516 58
657 5 218 215 238 215 469 215 469 218 469 180
658 3 3 467 467 562 662 467
659 5 303 303 212 212 303 145 39 145 303 39
660 3 508 494 627 494 687 494
661 3 686 426 0 686 2 686
662 8 334 395 219 395 481 395 1 334 334 294 219 294 481 294 334 145
663 15 59 153 153 195 153 305 153 425 153 457 153 448 119 153 153 190 59 171 171 195 171 305 171 425 171 457 171 448 171 190
664 5 298 103 103 210 303 103 103 665 156 103
665 3 78 78 691 691 599 599
666 4 691 689 618 689 632 689 446 689
667 2 0 289 304 289
668 2 304 618 304 75
669 2 304 132 132 561
670 2 308 289 567 289
671 3 670 276 276 602 276 486
672 4 475 232 232 486 232 330 232 602
673 1 670 461
674 6 395 500 500 397 500 294 395 330 397 330 330 294
675 9 416 682 416 600 537 682 537 600 682 330 600 330 416 306 537 306 330 306
676 6 52 53 665 53 63 53 618 53 632 53 53 54
677 4 627 585 154 585 210 585 585 408
678 2 304 690 304 678
679 3 268 180 215 268 218 268
680 7 632 393 599 393 375 393 596 393 670 632 632 602 632 500
681 3 16 456 238 456 456 294
682 3 0 393 31 393 0 481
683 4 203 684 684 360 202 684 203 682
684 5 682 303 682 680 682 679 682 231 680 665
685 1 682 611
686 1 247 7
687 5 375 203 596 203 203 508 375 508 596 508
688 8 689 80 304 80 80 340 601 80 80 361 80 108 108 340 601 108
689 4 304 361 304 493 304 183 304 651
690 4 389 16 16 177 238 177 66 177
691 9 641 632 641 35 641 114 641 618 641 358 632 238 35 238 238 114 238 358
692 3 59 691 641 59 59 238
693 3 632 547 533 547 63 547
694 4 434 257 128 434 434 127 434 527
695 8 395 601 601 397 260 601 19 601 395 340 397 340 260 340 19 340
696 2 379 37 37 309
697 4 345 153 153 601 153 37 304 697
698 2 16 145 16 91